    0.0700   11.2776
    0.0800   11.3159
    0.0900   11.3098
    0.1000   11.2640
    0.1100   11.1834
    0.1200   11.0728
    0.1300   10.9367
    0.1400   10.7802
    0.1500   10.6078
    0.1600   10.4243
    0.1700   10.2346
    0.1800   10.0434
    0.1900    9.8554
    0.2000    9.6755
    0.2100    9.5083
    0.2200    9.3584
    0.2300    9.2255
    0.2400    9.1053
    0.2500    8.9936
    0.2600    8.8861
    0.2700    8.7817
    0.2800    8.6801
    0.2900    8.5811
    0.3000    8.4845
    0.3100    8.3902
    0.3200    8.2979
    0.3300    8.2075
    0.3400    8.1188
    0.3500    8.0315
    0.3600    7.9456
    0.3700    7.8607
    0.3800    7.7768
    0.3900    7.6935
    0.4000    7.6108
    0.4100    7.5285
    0.4200    7.4463
    0.4300    7.3640
    0.4400    7.2816
    0.4500    7.1987
    0.4600    7.1152
    0.4700    7.0309
    0.4800    6.9456
    0.4900    6.8591
    0.5000    6.7714
    0.5100    6.6831
    0.5200    6.5948
    0.5300    6.5072
    0.5400    6.4211
    0.5500    6.3368
    0.5600    6.2539
    0.5700    6.1710
    0.5800    6.0873
    0.5900    6.0015
    0.6000    5.9126
    0.6100    5.8194
    0.6200    5.7210
    0.6300    5.6160
    0.6400    5.5036
    0.6500    5.3826
    0.6600    5.2518
    0.6700    5.1102
    0.6800    4.9567
    0.6900    4.7902
    0.7000    4.6103
    0.7100    4.4205
    0.7200    4.2252
    0.7300    4.0290
    0.7400    3.8365
    0.7500    3.6522
    0.7600    3.4807
    0.7700    3.3264
    0.7800    3.1939
    0.7900    3.0875
    0.8000    3.0056
    0.8100    2.9426
    0.8200    2.8925
    0.8300    2.8494
    0.8400    2.8074
    0.8500    2.7606
    0.8600    2.7031
    0.8700    2.6293
    0.8800    2.5381
    0.8900    2.4315
    0.9000    2.3113
    0.9100    2.1794
    0.9200    2.0378
    0.9300    1.8882
    0.9400    1.7327
    0.9500    1.5731
    0.9600    1.4113
    0.9700    1.2493
    0.9800    1.0889
    0.9900    0.9320
    1.0000    0.7805
    1.0100    0.6364
    1.0200    0.5015
    1.0300    0.3778
    1.0400    0.2669
    1.0500    0.1688
    1.0600    0.0819
    1.0700    0.0044
    1.0800   -0.0653
    1.0900   -0.1288
    1.1000   -0.1879
    1.1100   -0.2441
    1.1200   -0.2992
    1.1300   -0.3549
    1.1400   -0.4127
    1.1500   -0.4744
    1.1600   -0.5417
    1.1700   -0.6161
    1.1800   -0.6993
    1.1900   -0.7931
    1.2000   -0.8991
    1.2100   -1.0189
    1.2200   -1.1543
    1.2300   -1.3068
    1.2400   -1.4782
    1.2500   -1.6701
    1.2600   -1.8841