    0.0700   -4.8000
    0.0800   -5.1159
    0.0900   -5.1798
    0.1000   -5.0524
    0.1100   -4.7940
    0.1200   -4.4652
    0.1300   -4.1266
    0.1400   -3.8387
    0.1500   -3.6480
    0.1600   -3.5507
    0.1700   -3.5313
    0.1800   -3.5742
    0.1900   -3.6638
    0.2000   -3.7847
    0.2100   -3.9214
    0.2200   -4.0583
    0.2300   -4.1799
    0.2400   -4.2706
    0.2500   -4.3151
    0.2600   -4.2978
    0.2700   -4.2155
    0.2800   -4.0814
    0.2900   -3.9104
    0.3000   -3.7173
    0.3100   -3.5168
    0.3200   -3.3237
    0.3300   -3.1469
    0.3400   -2.9860
    0.3500   -2.8393
    0.3600   -2.7053
    0.3700   -2.5824
    0.3800   -2.4693
    0.3900   -2.3642
    0.4000   -2.2657
    0.4100   -2.1722
    0.4200   -2.0829
    0.4300   -1.9975
    0.4400   -1.9161
    0.4500   -1.8385
    0.4600   -1.7646
    0.4700   -1.6944
    0.4800   -1.6276
    0.4900   -1.5644
    0.5000   -1.5045
    0.5100   -1.4478
    0.5200   -1.3944
    0.5300   -1.3440
    0.5400   -1.2966
    0.5500   -1.2522
    0.5600   -1.2105
    0.5700   -1.1716
    0.5800   -1.1353
    0.5900   -1.1015
    0.6000   -1.0702
    0.6100   -1.0412
    0.6200   -1.0145
    0.6300   -0.9900
    0.6400   -0.9676
    0.6500   -0.9471
    0.6600   -0.9286
    0.6700   -0.9118
    0.6800   -0.8968
    0.6900   -0.8834
    0.7000   -0.8716
    0.7100   -0.8612
    0.7200   -0.8521
    0.7300   -0.8443
    0.7400   -0.8377
    0.7500   -0.8322
    0.7600   -0.8277
    0.7700   -0.8240
    0.7800   -0.8212
    0.7900   -0.8191
    0.8000   -0.8176
    0.8100   -0.8166
    0.8200   -0.8161
    0.8300   -0.8160
    0.8400   -0.8161
    0.8500   -0.8164
    0.8600   -0.8168
    0.8700   -0.8173
    0.8800   -0.8179
    0.8900   -0.8184
    0.9000   -0.8188
    0.9100   -0.8191
    0.9200   -0.8193
    0.9300   -0.8192
    0.9400   -0.8188
    0.9500   -0.8180
    0.9600   -0.8169
    0.9700   -0.8153
    0.9800   -0.8134
    0.9900   -0.8112
    1.0000   -0.8089
    1.0100   -0.8068
    1.0200   -0.8050
    1.0300   -0.8037
    1.0400   -0.8030
    1.0500   -0.8032
    1.0600   -0.8044
    1.0700   -0.8068
    1.0800   -0.8106
    1.0900   -0.8160
    1.1000   -0.8230
    1.1100   -0.8310
    1.1200   -0.8393
    1.1300   -0.8473
    1.1400   -0.8542
    1.1500   -0.8594
    1.1600   -0.8620
    1.1700   -0.8615
    1.1800   -0.8572
    1.1900   -0.8482
    1.2000   -0.8339
    1.2100   -0.8137
    1.2200   -0.7976
    1.2300   -0.8282
    1.2400   -0.9536
    1.2500   -1.2224
    1.2600   -1.6828