0.023529	0.023529	0.011765
0.48627	0.53725	0.062745
0.6	0.66275	0.84706
0.27451	0.29804	0.070588
0.47059	0.49804	0.51373
0.29804	0.33725	0.38431
0.70196	0.60784	0.48627
0.14902	0.12157	0.070588
0.80784	0.85882	0.98824
0.7098	0.6549	0.20392
0.29804	0.29412	0.24314
0.46275	0.5451	0.68627
0.46667	0.43137	0.38039
0.7098	0.68627	0.6902
0.18039	0.18039	0.17255
0.95294	0.96471	0.98824
0.07451	0.10196	0.019608
0.71373	0.77255	0.94118
0.56471	0.53725	0.2902
0.44314	0.37647	0.25098
0.41176	0.43529	0.49412
0.58824	0.60784	0.69412
0.38039	0.37647	0.39216
0.59608	0.5451	0.47059
0.17647	0.18824	0.062745
0.094118	0.10588	0.094118
0.85098	0.75294	0.67059
0.40392	0.39216	0.070588
0.79216	0.6549	0.53725
0.2549	0.21569	0.18431
0.8549	0.78039	0.20392
0.57647	0.6	0.07451
