    0.0700  -15.5000
    0.0800  -15.4588
    0.0900  -15.4319
    0.1000  -15.4177
    0.1100  -15.4141
    0.1200  -15.4195
    0.1300  -15.4319
    0.1400  -15.4496
    0.1500  -15.4706
    0.1600  -15.4932
    0.1700  -15.5155
    0.1800  -15.5357
    0.1900  -15.5519
    0.2000  -15.5624
    0.2100  -15.5652
    0.2200  -15.5586
    0.2300  -15.5407
    0.2400  -15.5096
    0.2500  -15.4639
    0.2600  -15.4047
    0.2700  -15.3346
    0.2800  -15.2559
    0.2900  -15.1713
    0.3000  -15.0832
    0.3100  -14.9941
    0.3200  -14.9066
    0.3300  -14.8232
    0.3400  -14.7463
    0.3500  -14.6785
    0.3600  -14.6222
    0.3700  -14.5801
    0.3800  -14.5542
    0.3900  -14.5431
    0.4000  -14.5430
    0.4100  -14.5500
    0.4200  -14.5603
    0.4300  -14.5701
    0.4400  -14.5756
    0.4500  -14.5730
    0.4600  -14.5586
    0.4700  -14.5320
    0.4800  -14.4945
    0.4900  -14.4473
    0.5000  -14.3917
    0.5100  -14.3289
    0.5200  -14.2603
    0.5300  -14.1871
    0.5400  -14.1106
    0.5500  -14.0320
    0.5600  -13.9527
    0.5700  -13.8739
    0.5800  -13.7969
    0.5900  -13.7229
    0.6000  -13.6533
    0.6100  -13.5891
    0.6200  -13.5303
    0.6300  -13.4763
    0.6400  -13.4263
    0.6500  -13.3798
    0.6600  -13.3363
    0.6700  -13.2949
    0.6800  -13.2552
    0.6900  -13.2164
    0.7000  -13.1780
    0.7100  -13.1394
    0.7200  -13.0998
    0.7300  -13.0588
    0.7400  -13.0156
    0.7500  -12.9697
    0.7600  -12.9203
    0.7700  -12.8673
    0.7800  -12.8108
    0.7900  -12.7510
    0.8000  -12.6881
    0.8100  -12.6222
    0.8200  -12.5536
    0.8300  -12.4825
    0.8400  -12.4090
    0.8500  -12.3333
    0.8600  -12.2557
    0.8700  -12.1763
    0.8800  -12.0953
    0.8900  -12.0129
    0.9000  -11.9293
    0.9100  -11.8447
    0.9200  -11.7593
    0.9300  -11.6732
    0.9400  -11.5867
    0.9500  -11.5000
    0.9600  -11.4132
    0.9700  -11.3266
    0.9800  -11.2404
    0.9900  -11.1548
    1.0000  -11.0701
    1.0100  -10.9864
    1.0200  -10.9041
    1.0300  -10.8232
    1.0400  -10.7441
    1.0500  -10.6671
    1.0600  -10.5922
    1.0700  -10.5197
    1.0800  -10.4499
    1.0900  -10.3830
    1.1000  -10.3192
    1.1100  -10.2588
    1.1200  -10.2019
    1.1300  -10.1488
    1.1400  -10.0997
    1.1500  -10.0548
    1.1600  -10.0144
    1.1700   -9.9787
    1.1800   -9.9480
    1.1900   -9.9223
    1.2000   -9.9021
    1.2100   -9.8874
    1.2200   -9.8786
    1.2300   -9.8758
    1.2400   -9.8793
    1.2500   -9.8893
    1.2600   -9.9060